
---------
T in block_optimize
2.000000 -0.166667 -0.333333 0.000000 0.000000 -0.333333 
1.944444 -0.057143 -0.342857 -0.171429 -0.057143 1.771429 
-0.021505 -0.198925 -0.693548 1.770609 -0.445344 -0.036437 
1.521592 -0.411086 0.659867 0.000000 0.707107 0.119523 
0.717137 0.257603 0.042934 0.751343 0.048485 0.258586 
0.016162 0.751517 0.101746 0.272416 0.169029 0.361033 
0.810683 0.781205 0.304621 0.960265 0.270228 0.506063 
---------

---------
Tip in block_optimize
0.707107 
0.119523 
0.717137 
0.257603 
0.042934 
0.751343 
0.048485 
0.258586 
0.016162 
0.751517 
0.101746 
0.272416 
0.169029 
0.361033 
0.810683 
---------

---------
B before exchange
0 2 4 
6 3 1 
5 0 4 
3 5 6 
2 1 0 
3 6 1 
5 4 2 
---------

---------
Tip after makeTiFromTB
0.707107 
0.119523 
0.717137 
0.257603 
0.042934 
0.751343 
0.048485 
0.258586 
0.016162 
0.751517 
0.101746 
0.272416 
0.169029 
0.361033 
0.810683 
---------

---------
tX after transform
0.000000 0.000000 0.000000 0.000000 0.000000 0.000000 
0.707107 0.119523 0.257603 0.048485 0.101746 0.441067 
0.000000 0.717137 0.042934 0.258586 0.272416 0.496200 
0.000000 0.000000 0.751343 0.016162 0.169029 0.569711 
0.000000 0.000000 0.000000 0.751517 0.361033 0.505389 
0.000000 0.000000 0.000000 0.000000 0.810683 0.514578 
0.000000 0.000000 0.000000 0.000000 0.000000 1.010778 
---------

---------
B after transform
6 2 4 
0 3 1 
5 0 4 
3 5 6 
2 1 0 
3 6 1 
5 4 2 
---------
out: 0
All your codebase are s to us.
Run `zig build test` to run the tests.
Results:
D criterion: 0.000000
Dp criterion: 0.000000
Diagonality: 0.000000
Iterations: 0
Error code: 0

Block assignments:
1 2 3 4 5 6 7 1 2 3 4 5 6 7 1 2 3 4 5 6 7 
